50
24
2 12 3
0
2 15 6
0
2 2 1
2 11 19
0
1 16
2 23 8
0
0
0
0
0
0
0
2 13 18
2 24 21
2 7 17
2 14 22
2 10 20
2 4 9
0
0
24
0
1 17
2 6 18
2 7 20
0
0
0
2 19 13
0
2 9 24
0
1 2
2 16 14
2 1 3
0
0
0
2 23 21
0
2 11 8
2 12 2
2 15 10
0
2 5 4
24
2 15 16
0
1 13
1 18
1 18
1 13
2 5 4
1 2
2 14 20
0
0
1 11
0
1 22
1 10
1 10
2 3 6
0
2 24 12
1 22
1 2
0
2 8 21
1 11
25
1 22
1 22
1 22
1 22
1 22
1 22
1 22
1 22
1 22
1 22
1 22
1 22
1 22
1 22
1 22
1 22
1 22
1 22
1 22
1 22
1 22
0
1 22
1 22
1 22
25
1 4
1 22
1 25
1 19
1 13
1 21
1 15
1 3
1 16
1 14
1 18
1 9
1 7
1 6
1 2
1 23
1 20
1 1
1 24
0
1 8
1 11
1 17
1 12
1 5
25
1 4
1 9
1 10
1 5
1 20
1 22
2 18 12
1 25
1 3
1 14
1 15
0
1 8
1 13
1 19
1 23
1 1
1 21
1 16
1 12
1 11
1 17
1 24
1 2
1 6
25
1 22
1 7
1 21
1 15
0
2 1 12
0
2 3 9
2 18 20
2 13 23
0
1 19
2 2 4
2 16 10
0
2 6 8
2 5 11
0
0
0
0
0
2 24 17
1 25
0
25
1 11
1 20
1 4
1 12
1 16
2 2 19
1 12
2 22 5
1 12
2 1 14
1 12
0
2 6 15
2 25 7
2 21 3
1 12
2 8 10
1 12
1 24
1 12
1 18
1 9
2 13 17
1 12
1 12
24
1 16
0
1 4
1 1
1 20
1 17
1 21
1 2
1 7
1 2
1 24
1 10
1 19
1 8
2 5 18
1 22
1 13
1 23
1 9
1 11
1 14
1 12
1 6
1 3
20
10 11 2 3 18 20 5 17 9 13 10
0
0
10 11 2 3 18 20 5 17 9 13 10
0
10 11 2 3 18 20 5 17 9 13 10
10 11 2 3 18 20 5 17 9 13 10
10 11 2 3 18 20 5 17 9 13 10
0
0
0
10 11 2 3 18 20 5 17 9 13 10
0
10 11 2 3 18 20 5 17 9 13 10
10 11 2 3 18 20 5 17 9 13 10
10 11 2 3 18 20 5 17 9 13 10
0
0
10 11 2 3 18 20 5 17 9 13 10
0
50
2 31 35
0
2 2 49
0
2 15 6
2 12 30
0
0
0
2 34 38
0
0
0
0
0
2 50 46
2 21 10
0
0
2 36 5
0
0
0
0
2 11 3
0
0
1 19
0
2 27 47
0
2 4 39
2 23 42
0
2 24 37
0
2 14 28
2 26 40
2 7 17
2 13 33
0
2 18 43
2 29 44
2 8 25
2 22 32
2 9 1
2 48 45
0
2 41 16
0
50
0
2 49 11
2 15 33
2 27 2
2 9 8
0
2 1 47
1 44
1 8
0
2 12 29
0
0
2 10 5
0
0
0
2 36 35
0
0
0
2 43 3
2 17 26
2 21 22
2 28 14
2 40 50
0
0
2 41 32
0
0
2 38 34
2 16 7
2 6 42
2 37 46
0
0
0
2 13 18
0
0
2 30 25
0
0
2 20 4
2 19 45
2 48 23
0
0
2 31 39
48
1 37
1 40
2 2 41
1 14
2 34 24
0
0
2 26 29
2 31 39
0
0
1 38
0
0
1 43
0
2 48 1
2 42 25
2 15 30
2 33 35
1 45
1 14
2 46 47
1 6
1 7
1 10
1 45
2 44 12
1 10
1 43
1 16
2 27 21
1 13
1 6
1 13
2 4 22
0
0
1 16
0
1 40
1 7
0
1 38
0
1 11
1 11
1 37
50
1 49
1 49
1 49
1 49
1 49
1 49
1 49
1 49
1 49
1 49
1 49
1 49
1 49
1 49
1 49
1 49
1 49
1 49
1 49
1 49
1 49
1 49
1 49
1 49
1 49
1 49
1 49
1 49
1 49
1 49
1 49
1 49
1 49
1 49
1 49
1 49
1 49
1 49
1 49
1 49
1 49
1 49
1 49
1 49
1 49
1 49
1 49
1 49
0
1 49
50
1 27
1 47
1 11
1 28
1 25
1 36
1 22
1 39
1 24
1 29
1 30
1 43
1 14
1 46
1 5
1 15
1 44
1 19
1 21
1 10
1 1
1 23
0
1 48
1 13
1 40
1 35
1 31
1 8
1 7
1 16
1 42
1 26
1 6
1 45
1 3
1 12
1 17
1 38
1 49
1 34
1 20
1 4
1 41
1 50
1 32
1 9
1 18
1 37
1 33
50
1 26
1 8
1 24
1 46
1 10
1 48
1 4
1 27
1 15
1 1
1 2
1 34
1 41
1 29
1 49
1 13
1 45
2 12 42
1 47
1 23
1 30
1 25
1 9
1 32
1 44
1 39
1 21
1 17
1 3
1 40
1 43
1 36
1 42
1 28
1 33
1 7
1 22
1 6
1 16
1 31
1 35
0
1 5
1 19
1 20
1 50
1 14
1 37
1 38
1 11
50
2 8 13
0
2 20 23
1 30
0
0
0
2 38 12
0
1 22
2 33 21
1 2
2 19 29
0
1 6
2 48 3
0
1 46
1 45
2 37 47
2 5 17
0
2 41 11
0
0
0
0
1 36
2 27 9
0
2 14 24
1 49
1 42
1 50
2 32 28
0
2 10 4
1 26
2 35 43
1 25
2 44 18
0
2 15 34
1 7
0
0
2 40 31
2 39 1
0
0
50
2 14 33
1 34
1 38
1 34
1 24
1 34
1 34
1 20
2 27 8
2 28 49
2 40 18
2 15 22
1 6
1 4
1 17
1 37
1 34
2 41 47
1 34
1 34
1 29
1 7
1 34
1 34
2 26 39
2 5 16
1 30
1 31
1 34
1 34
1 34
1 42
1 2
0
1 34
1 34
1 34
1 34
2 3 48
2 43 25
2 46 9
1 34
2 1 12
2 32 13
1 34
2 21 50
2 44 10
2 19 45
2 35 23
1 36
50
1 32
1 18
1 36
1 30
1 49
1 4
0
1 9
1 16
1 38
1 48
1 33
1 7
2 42 44
1 2
1 10
1 39
1 11
1 27
1 50
1 47
1 43
1 45
1 12
1 26
1 28
1 5
1 41
1 37
1 17
1 22
1 25
1 7
1 31
1 6
1 19
1 1
1 35
1 3
1 24
1 20
1 15
1 40
1 21
1 29
1 34
1 23
1 8
1 13
1 46
50
0
10 29 38 33 23 25 35 37 48 46 18
0
0
10 14 9 21 28 39 8 49 6 19 10
10 31 32 43 27 12 50 30 41 7 2
10 29 38 33 23 25 35 37 48 46 18
10 31 32 43 27 12 50 30 41 7 2
10 31 32 43 27 12 50 30 41 7 2
10 31 32 43 27 12 50 30 41 7 2
0
10 29 38 33 23 25 35 37 48 46 18
10 14 9 21 28 39 8 49 6 19 10
10 31 32 43 27 12 50 30 41 7 2
0
0
10 14 9 21 28 39 8 49 6 19 10
10 15 45 3 4 42 1 47 16 11 36
10 31 32 43 27 12 50 30 41 7 2
10 14 9 21 28 39 8 49 6 19 10
10 31 32 43 27 12 50 30 41 7 2
10 14 9 21 28 39 8 49 6 19 10
10 15 45 3 4 42 1 47 16 11 36
10 14 9 21 28 39 8 49 6 19 10
10 15 45 3 4 42 1 47 16 11 36
10 14 9 21 28 39 8 49 6 19 10
10 29 38 33 23 25 35 37 48 46 18
10 31 32 43 27 12 50 30 41 7 2
10 15 45 3 4 42 1 47 16 11 36
10 29 38 33 23 25 35 37 48 46 18
10 29 38 33 23 25 35 37 48 46 18
10 29 38 33 23 25 35 37 48 46 18
10 15 45 3 4 42 1 47 16 11 36
10 14 9 21 28 39 8 49 6 19 10
10 15 45 3 4 42 1 47 16 11 36
0
10 15 45 3 4 42 1 47 16 11 36
10 15 45 3 4 42 1 47 16 11 36
10 31 32 43 27 12 50 30 41 7 2
10 14 9 21 28 39 8 49 6 19 10
10 29 38 33 23 25 35 37 48 46 18
0
10 29 38 33 23 25 35 37 48 46 18
10 14 9 21 28 39 8 49 6 19 10
0
10 15 45 3 4 42 1 47 16 11 36
0
10 15 45 3 4 42 1 47 16 11 36
10 31 32 43 27 12 50 30 41 7 2
10 29 38 33 23 25 35 37 48 46 18
5
0
1 3
0
0
3 1 3 4
5
0
1 3
1 4
0
2 2 3
5
2 4 2
0
0
1 5
1 2
5
1 5
1 5
2 4 2
0
0
5
2 3 2
0
0
1 3
1 3
44
1 36
1 23
2 32 14
2 1 10
0
0
3 6 23 25
1 36
2 7 13
0
2 30 1
1 2
0
0
0
0
0
2 41 12
1 11
1 33
0
0
0
1 31
1 40
1 12
0
1 35
4 12 4 20 31
0
0
1 33
0
1 9
0
0
3 3 33 25
1 35
1 30
0
2 7 36
3 3 40 11
2 36 41
3 3 11 18
40
0
2 20 35
0
0
1 16
2 20 21
3 40 12 36
0
3 14 25 20
1 12
0
0
0
3 13 40 24
0
0
1 11
0
0
1 40
0
2 11 24
1 37
0
0
0
2 22 32
2 7 25
0
2 22 35
2 10 17
2 19 14
2 11 21
3 12 16 19
1 25
0
0
3 15 23 7
1 36
0
45
0
2 14 13
1 28
2 13 5
0
0
0
2 23 3
0
1 3
2 23 43
0
0
0
0
0
3 22 39 43
1 3
3 14 11 15
1 33
1 27
0
0
1 22
2 35 37
3 39 37 13
0
1 14
1 33
0
3 7 36 22
2 30 1
2 22 36
3 30 24 12
0
2 37 22
0
0
1 43
1 35
1 11
1 13
0
1 11
1 1
45
0
2 39 11
1 40
2 8 43
0
0
3 23 3 13
1 44
0
3 25 39 30
4 25 1 6 26
2 24 39
0
2 11 37
3 5 19 43
0
0
1 19
0
1 11
1 43
2 20 25
1 15
3 41 44 39
0
0
0
3 43 15 25
1 38
1 2
1 35
1 24
0
2 32 29
0
2 2 33
0
0
1 44
0
0
0
1 44
0
0
41
0
2 6 37
2 6 8
1 36
0
0
1 26
2 39 5
1 23
3 12 41 16
0
1 9
0
2 24 8
1 20
2 37 27
0
3 4 23 38
0
1 41
0
2 35 20
0
0
1 9
2 30 33
0
2 2 37
1 16
2 4 35
1 12
2 16 39
1 5
0
0
0
0
1 2
0
4 36 4 23 12
0
45
0
0
0
0
1 7
0
0
0
2 33 29
0
2 20 15
2 35 7
2 17 40
0
2 8 10
1 7
1 3
2 14 40
0
1 26
2 6 30
2 26 6
3 34 24 40
0
0
0
1 17
3 36 29 16
0
1 14
4 7 36 6 30
1 26
0
0
1 39
1 6
1 17
0
1 14
0
1 16
3 34 29 5
3 40 2 27
1 6
0
45
0
1 17
1 34
1 31
2 10 12
0
1 34
2 17 16
0
0
2 22 34
2 44 16
1 29
3 44 27 6
0
1 35
1 39
1 20
2 8 34
0
0
1 28
1 44
2 1 33
2 35 1
1 24
0
1 29
1 20
1 23
2 37 6
0
0
0
0
1 20
1 8
0
0
2 3 25
1 45
4 14 12 45 10
2 12 44
0
1 29
45
1 10
3 6 38 7
0
0
0
0
1 3
2 11 34
0
0
0
0
0
0
1 26
0
2 11 42
1 7
0
0
2 40 16
0
0
1 14
0
0
0
2 39 16
1 7
1 24
2 21 8
2 19 42
0
0
1 27
0
0
2 18 42
2 9 38
0
0
1 34
0
1 16
1 38
49
2 48 13
2 8 22
1 35
0
1 18
0
1 45
1 46
0
0
1 32
0
1 48
5 34 31 19 30 37
2 31 13
0
0
0
0
0
0
0
0
0
0
1 40
2 30 13
0
4 37 11 30 33
0
1 13
1 23
0
1 12
0
1 18
0
0
0
0
2 19 37
0
0
0
1 15
0
0
0
1 30
46
0
1 6
0
0
0
0
0
0
3 25 30 41
1 31
0
0
0
1 3
0
1 46
1 1
3 6 14 46
3 43 30 11
3 42 46 35
0
2 37 41
0
1 40
0
1 9
1 44
1 23
1 37
0
1 23
0
0
0
0
0
0
3 5 16 42
0
0
0
0
0
1 30
1 37
0
40
3 30 39 29
0
1 38
0
0
0
0
0
0
0
3 32 36 38
0
0
1 13
0
0
0
0
1 21
0
0
0
1 10
1 26
1 23
2 22 23
1 32
0
1 10
3 17 31 15
0
2 6 31
2 35 32
0
0
0
1 16
0
0
2 1 29
40
0
0
0
2 11 36
0
0
0
3 9 11 14
0
1 7
0
1 25
0
0
1 8
2 36 25
0
0
1 23
0
1 9
0
0
3 2 14 9
1 32
0
1 14
1 37
0
1 28
0
1 33
0
0
2 37 31
0
2 38 36
1 31
0
1 20
48
2 39 3
0
0
0
0
0
1 33
2 37 9
0
1 3
1 24
0
0
2 11 21
0
0
1 29
1 46
3 21 31 41
0
0
1 36
3 46 37 36
1 41
0
0
3 21 34 26
0
0
1 25
0
0
0
1 37
1 36
0
0
0
0
1 18
1 25
1 3
0
0
1 41
1 37
2 1 29
0
44
0
0
0
0
3 31 19 25
1 34
0
4 32 29 13 2
0
1 22
1 39
0
0
0
1 29
1 4
0
1 9
1 7
0
1 42
0
1 41
0
0
1 9
0
1 27
0
4 4 16 38 26
0
0
1 38
0
0
1 9
1 25
0
0
0
4 39 25 29 6
0
0
0
40
0
1 8
1 37
3 7 1 15
1 9
0
0
1 21
0
0
2 12 36
0
2 22 7
1 7
2 16 7
0
0
0
1 34
0
0
1 40
0
1 29
0
1 19
0
1 31
0
1 27
0
0
2 27 37
0
0
0
0
1 24
2 27 2
1 21
45
0
0
0
0
0
1 10
1 35
1 35
0
0
0
2 42 41
1 25
0
1 39
3 25 44 28
2 23 11
0
1 9
0
3 32 6 41
1 5
0
1 33
1 23
0
1 10
0
2 35 2
1 42
1 44
0
1 40
0
1 21
0
0
0
0
1 9
2 10 11
0
0
0
1 11
40
1 5
0
0
2 24 25
0
0
0
0
2 14 4
1 25
1 24
0
0
0
2 22 34
3 34 28 7
2 6 11
0
0
0
0
0
0
0
0
3 3 24 34
2 6 28
0
2 32 19
0
1 2
0
0
0
0
0
1 22
2 20 12
1 8
0
41
2 14 33
1 19
0
0
0
1 30
1 40
0
0
0
0
0
0
0
0
0
3 36 26 40
1 13
0
0
0
0
1 35
0
2 37 1
2 15 40
0
0
0
0
0
2 7 18
0
0
1 14
1 30
1 19
3 10 1 17
1 13
2 5 36
2 20 14
44
1 32
0
0
0
0
0
0
0
0
0
0
0
0
1 28
0
0
0
2 22 20
0
0
1 42
1 44
0
0
0
0
1 5
0
0
1 8
2 1 14
0
0
1 32
0
0
1 28
0
1 8
1 27
0
0
0
0
40
0
0
0
0
0
0
0
0
1 18
0
1 20
0
0
2 16 3
1 38
0
0
0
1 38
0
0
0
0
1 28
0
0
0
0
0
2 21 7
2 20 38
0
0
0
0
0
0
0
1 7
1 21
46
0
1 27
0
0
1 40
1 40
0
0
1 39
2 40 44
1 14
0
0
0
0
0
0
0
0
1 8
1 25
0
0
1 3
0
0
2 8 40
0
0
0
0
0
0
0
1 43
0
1 40
0
0
0
0
0
0
0
0
1 33
45
0
1 16
1 31
0
3 12 20 31
0
0
0
0
0
0
0
0
1 22
0
0
0
0
0
1 35
0
0
0
0
0
0
0
0
1 2
0
1 7
0
2 21 17
0
0
0
0
0
1 20
1 16
0
0
0
1 33
1 10
47
1 7
0
0
0
1 37
0
0
1 16
0
1 19
0
1 34
0
1 37
0
1 25
0
0
0
0
0
0
1 8
1 40
0
0
0
0
3 40 35 42
0
0
0
0
0
0
0
0
0
1 11
0
0
1 20
0
1 34
0
0
0
43
1 31
0
0
1 5
0
0
0
0
0
1 29
0
1 39
0
1 38
0
1 20
0
0
0
0
0
0
0
0
0
0
0
0
0
0
0
1 36
0
1 33
1 13
1 2
0
1 43
1 11
1 19
0
1 9
0
40
0
0
1 37
0
0
0
0
0
0
0
1 8
0
0
0
0
0
1 33
0
1 15
1 1
1 37
0
1 15
0
0
0
0
0
1 40
0
1 4
0
1 13
1 21
1 32
0
1 5
0
0
0
